EXERCÍCIO 06
Itens 1 a 3 -------------------------------------------------------

f =

         0         0         0         0         0         0         0         0         0         0
         0    0.0772    0.1543    0.2315    0.3086    0.3858    0.4630    0.5401         0         0
         0    0.1543    0.3086    0.4630    0.6173    0.7716    0.9259    1.0802         0         0
         0    0.2315    0.4630    0.6944    0.9259    1.1574         0         0         0         0
         0    0.3086    0.6173    0.9259    1.2346    1.5432         0         0         0         0
         0    0.3858    0.7716    1.1574    1.5432         0         0         0         0         0
         0    0.4630    0.9259         0         0         0         0         0         0         0
         0    0.5401    1.0802         0         0         0         0         0         0         0
         0         0         0         0         0         0         0         0         0         0
         0         0         0         0         0         0         0         0         0         0


x_opt =

    1.1111
    1.3889


y_opt =

    1.1111
    1.3889


f_opt =

    1.5432

Itens 4 e 5 -------------------------------------------------------
t=50 .....................................................
x_opt =

    1.2245
    1.2755


y_opt =

    1.2245
    1.2755


f_opt =

    1.5618


time =

    0.0014


ef =

   1.0804e+06

t=100 .....................................................
x_opt =

    1.2374
    1.2626


y_opt =

    1.2374
    1.2626


f_opt =

    1.5623


time =

   4.2902e-04


ef =

   1.4621e+07

t=200 .....................................................
x_opt =

    1.2437
    1.2563


y_opt =

    1.2437
    1.2563


f_opt =

    1.5625


time =

   6.8415e-04


ef =

   3.7045e+07

t=500 .....................................................
x_opt =

    1.2475
    1.2525


y_opt =

    1.2475
    1.2525


f_opt =

    1.5625


time =

    0.0035


ef =

   4.5533e+07

t=1000 .....................................................
x_opt =

    1.2487
    1.2513


y_opt =

    1.2487
    1.2513


f_opt =

    1.5625


time =

    0.0137


ef =

   4.6620e+07

